ITER= 1444
AOA= 6.40972733811044
SIDESLIP_ANGLE= 0
DCD_DCL_VALUE= 0.114217441539617
DCMX_DCL_VALUE= 1.19452869327695
DCMY_DCL_VALUE= -0.135714099435985
DCMZ_DCL_VALUE= 0.161655902950148
INITIAL_BCTHRUST= 4000
